parameter	n.x	mean_alive	sigma_alive	n.y	mean_death	sigma_death
age	139	70.42446043165468	6.774823830284741	344	72.02906976744185	7.0043113133776504
ap	139	11.12392760352265	63.02095313613011	344	13.045917865841888	63.54978239776763
dbp	139	8.201438848920864	1.5933733066741935	344	8.130813953488373	1.407097142210922
hg	139	13.825890849820144	1.6293977757866596	344	13.258525049963662	2.0201562724648987
sbp	139	14.251798561151078	2.4966456487375686	344	14.409883720930232	2.4190728986666907
sg	139	9.79136690647482	1.89382987522327	344	10.502906976744185	2.026067075165755
sz	139	10.985611510791367	9.032939409169177	344	15.779069767441861	13.123678253849803
Treatment	139	1.492086330935252	1.8912868385140422	344	1.5767441860465117	2.085947675988826
wt	139	101.2589928057554	12.003223075307734	344	98.02325581395348	13.782971489174411
